0.8430180907769342, 0.15850920405313218
1.0300234210951378, 0.15939780148872273
1.8955026357909572, 5.818955650294754
1.897048134388628, 2.725101724353806
1.972335994646607, 8.22577043837964
2.025766089023236, 10.305911090925719
2.0415522532708765, 12.840995907999172
2.092553706994023, 15.125656208599366
2.1180544338555967, 17.071022632312804
2.1180544338555967, 19.650903723354674
2.1906928679461384, 21.790337909456582
2.2200573413018896, 24.35372486958667
2.2200573413018896, 27.437790760138682
2.271058795025036, 29.584303651195683
2.3050597641737998, 31.874207702463707
2.328860442577934, 34.066914773584784
2.39006218704571, 37.23564111163202
2.413862865449845, 39.34347029815817
2.445920922075823, 41.651216130246155
2.492065094492003, 44.015739774125365
2.536691366499756, 46.542664235293614
2.5983181230818913, 49.08853123017914
2.655694758520432, 51.215833490962126
2.687570667097398, 53.429417216380386
2.754358285068185, 55.814955604967395
2.8150743014052644, 58.05510541248438
2.898376675819736, 60.034847702424884
2.951078178000321, 62.172583193423094
3.021205176869648, 64.38489653224786
3.093882248425131, 66.49593486340876
3.16479855550684, 68.48280641673577
3.2791875302858973, 70.63598090350305
3.356964747213696, 72.92771936993168
3.45623543392482, 74.64651444437263
3.5545953803908885, 76.54624247814962
3.6735987724115633, 78.43178312584104
3.809602649006621, 80.5337288044033
3.938806331771925, 82.30868442685886
4.090110644483927, 84.34172409857194
4.2346147633661735, 86.23641644635393
4.387619124535614, 88.29645775956624
4.557623970279435, 90.22498827515675
4.736129058310448, 92.16393541877312
4.923134388628651, 94.23294275026976
5.101639476659664, 96.1905750416979
5.280144564690677, 98.11028258207783
5.46714989500888, 99.9688608785883
5.654155225327084, 101.9710695327305
5.832660313358097, 103.82147014502527
6.0111654013891105, 105.64009254069401
6.1981707317073145, 107.56810977848599
6.385176062025517, 109.29335474668028
6.572181392343721, 111.049094763232
6.759186722661925, 112.8214684425242
6.946192052980129, 114.41918866304178
7.133197383298333, 116.04816300779585
7.320202713616537, 117.79819345360532
7.507208043934741, 119.6032403989948
7.694213374252945, 121.40056457239766
7.881218704571149, 123.24778973402178
8.06822403488935, 124.93976737673519
8.255229365207555, 126.61580442598898
8.442234695525759, 128.35698998764286
8.629240025843963, 130.17332406132044
8.816245356162167, 131.78530170704414
9.00325068648037, 133.4911407353746
9.190256016798575, 135.43697975467416
9.377261347116779, 137.34361085465702
9.564266677434983, 139.2157865103918
9.751272007753185, 140.92162553872225
9.938277338071389, 142.58588041020158
10.125282668389593, 144.42043230497586
10.312287998707797, 146.1888455883775
10.501182271756488, 147.8783679604906
10.686298659344205, 149.57141473524257
10.873303989662409, 151.07349139500263
11.077309804554995, 152.83485674738625
11.264315134873199, 154.45198290776767
11.451320465191403, 155.8528714525234
11.638325795509607, 157.337482766406
11.825331125827809, 158.8459356635499
12.012336456146013, 160.0064677817063
12.199341786464217, 161.41721771222961
12.38634711678242, 162.95711615274473
12.573352447100625, 164.31364826352598
12.760357777418827, 165.68681403704764
12.947363107737031, 167.0599798105693
13.134368438055235, 168.54958122327406
13.321373768373439, 169.93106382816595
13.508379098691641, 171.4733385062154
13.695384429009847, 172.84996962614133
13.882389759328051, 174.48303637998237
14.069395089646255, 175.93881601178154
14.256400419964459, 177.43728871128118
14.44340575028266, 178.89362279850505
14.630411080600863, 180.43127701468217
14.817416410919067, 182.10569690228064
15.004421741237271, 183.57117950401175
15.191427071555475, 185.19579081262637
15.37843240187368, 186.64341202889096
15.565437732191883, 188.20172631029726
15.752443062510087, 189.844793063762
15.939448392828291, 191.41281031510024
16.126453723146497, 192.84062955191192
16.313459053464697, 194.4383497724295
16.500464383782905, 196.03329771582366
16.687469714101105, 197.70864169579664
16.874475044419313, 199.18160944576096
16.984978194152795, 199.7643127219791
19.40754724600226, 58.4312749609814
